4 0.850617 0.192399 0.106173 0.040380
4 0.855556 0.221496 0.106173 0.041568
4 0.829630 0.324822 0.069136 0.048694
4 0.207407 0.383017 0.143210 0.051069
4 0.440741 0.328979 0.111111 0.057007
4 0.662963 0.367577 0.308642 0.186461
1 0.425926 0.594418 0.412346 0.165083
4 0.451852 0.702494 0.488889 0.245843
4 0.449383 0.845012 0.039506 0.024941
4 0.096296 0.831354 0.162963 0.133017
4 0.091358 0.661520 0.177778 0.156770
4 0.629630 0.029097 0.498765 0.058195
4 0.649383 0.080760 0.375309 0.106888
4 0.253086 0.141924 0.214815 0.032067
4 0.391358 0.258907 0.279012 0.095012
