4 0.127500 0.466725 0.163750 0.466725 0.163750 0.617114 0.127500 0.617114
4 0.298750 0.186690 0.491250 0.186690 0.491250 0.407952 0.298750 0.407952
4 0.501876 0.185826 0.801250 0.185826 0.801250 0.382023 0.501876 0.382023
4 0.110001 0.698358 0.151875 0.698358 0.151875 0.795160 0.110001 0.795160
4 0.170000 0.159896 0.293750 0.159896 0.293750 0.429559 0.170000 0.429559
4 0.817500 0.296457 0.923750 0.296457 0.923750 0.378565 0.817500 0.378565
4 0.573750 0.418323 0.972500 0.418323 0.972500 0.594641 0.573750 0.594641
4 0.355000 0.418323 0.662500 0.418323 0.662500 0.826275 0.355000 0.826275
4 0.696250 0.632671 0.922500 0.632671 0.922500 0.751945 0.696250 0.751945
4 0.671250 0.826275 0.932500 0.826275 0.932500 0.910977 0.671250 0.910977
